,url,ones,duration
0,https://www.youtube.com/watch?v=QHPi3tVbq6U,0.011247388183445145,4
